5 58.5560666763 27.9948687823 27.9948687823
15 57.2527173744 27.7735266095 27.7735266095
25 56.6439168296 27.657627781 27.657627781
35 56.3500851271 27.6227145508 27.6227145508
45 55.9990916962 27.5249898917 27.5249898917
55 58.8290243844 28.9900527374 28.9900527374
65 68.7296704945 33.9713836174 33.9713836174
75 78.6027881705 38.9469570647 38.9469570647
85 88.4694696048 43.9175689479 43.9175689479
95 98.3249074404 48.8841727538 48.8841727538
105 108.164086903 53.8466401973 53.8466401973
115 117.987019264 58.8049889535 58.8049889535
125 127.793713606 63.7592322986 63.7592322986
135 137.584174489 68.7093793688 68.7093793688
145 147.358412401 73.6554399673 73.6554399673
155 157.116427263 78.5974185214 78.5974185214
165 166.858221893 83.5353196662 83.5353196662
175 176.58379891 88.4691472853 88.4691472853
185 186.293160417 93.3989045383 93.3989045383