5 86.0598977409 40.7945180628 40.7945180628
15 85.4881039036 41.568836592 41.568836592
25 85.3444656817 41.8171963276 41.8171963276
35 85.3385057218 41.984681132 41.984681132
45 85.2966446026 42.0752082646 42.0752082646
55 85.2288116285 42.1208613975 42.1208613975
65 85.2633184459 42.201143655 42.201143655
75 85.1573460769 42.199766504 42.199766504
85 85.3574940401 42.347984117 42.347984117
95 93.682295216 46.5469619893 46.5469619893
105 103.553050122 51.5257215319 51.5257215319
115 113.39847834 56.4997837355 56.4997837355
125 123.217987914 61.4687249359 61.4687249359
135 133.023384631 66.4319769328 66.4319769328
145 142.818244368 71.3898314176 71.3898314176
155 152.599813102 76.3430991685 76.3430991685
165 162.366050453 81.2921016931 81.2921016931
175 172.116405898 86.2369276321 86.2369276321
185 181.850706894 91.1776144759 91.1776144759
195 191.568882919 96.1141832386 96.1141832386
